..\..\..\MockDataset_BW\Treated\image\73.png 169,18,900,393,6 119,406,852,507,3 880,384,1109,507,1 862,567,1140,635,5 424,567,762,636,5 15,587,341,648,5 7,656,1142,780,3 18,789,413,968,6 467,787,731,840,5 454,852,684,905,5 464,905,734,949,5 726,785,1127,983,6 28,1039,645,1162,7 671,1036,870,1143,7 885,1027,1097,1142,7 656,1176,1087,1229,5 641,1284,1097,1362,5 646,1398,1122,1481,5 42,1171,585,1519,6
..\..\..\MockDataset_BW\Treated\image\86.png 41,44,375,238,6 376,51,609,99,5 405,122,601,149,5 379,169,576,190,5 618,165,756,258,1 27,309,248,345,5 443,306,691,349,5 455,358,691,457,3 47,357,307,452,3 45,489,299,531,5 400,484,680,522,5 469,534,718,654,7 65,550,332,660,7 53,670,725,799,6 144,834,371,879,5 151,892,397,935,5 461,818,704,859,5 504,871,668,934,1 76,823,135,883,2 78,889,134,948,2
..\..\..\MockDataset_BW\Treated\image\5.png 35,41,403,381,6 422,72,476,149,4 415,185,470,259,4 398,294,462,347,4 513,362,607,419,8 478,292,657,340,5 487,197,668,244,5 515,91,656,150,5 720,95,973,205,1 715,270,992,377,1 434,473,1005,513,5 446,553,1005,604,5 439,645,996,702,5 460,771,503,815,4 465,839,509,889,4 468,922,513,972,4 519,924,655,960,5 516,849,658,883,5 514,772,675,803,5 788,918,946,1010,1 75,481,359,535,5 88,573,382,624,5 92,666,379,710,5 96,744,379,785,5 88,809,374,905,7 101,973,378,1068,1
..\..\..\MockDataset_BW\Treated\image\77.png 67,56,261,218,6 323,63,618,107,5 713,40,1177,195,7 310,146,673,194,5 73,278,656,887,6 679,279,1103,400,5 728,395,1197,439,5 719,462,1190,510,5 696,534,1197,583,5 693,650,913,751,1 951,645,1212,739,1 693,761,1192,844,3 155,945,627,1344,6 674,1151,908,1309,6 954,1164,1194,1305,6 662,955,1123,1010,5 668,1022,1143,1071,5 746,1094,1172,1155,5
..\..\..\MockDataset_BW\Treated\image\18.png 102,35,209,144,6 252,67,527,118,5 613,55,670,140,2 694,74,955,125,5 694,207,941,265,5 604,156,677,257,2 254,199,526,257,5 102,163,210,266,6 60,287,571,544,6 595,304,962,413,3 592,438,979,560,7 56,535,973,704,1 94,684,441,753,5 576,717,952,775,5 581,794,962,831,5 101,787,450,826,5 92,854,414,959,1 588,863,946,963,1 672,1041,966,1098,5 667,1111,976,1169,5 574,1036,629,1078,4 560,1100,624,1162,4 76,995,124,1049,4 54,1073,113,1121,4 146,1011,409,1063,5 150,1088,403,1132,5 49,1172,446,1303,7 526,1207,937,1315,3
..\..\..\MockDataset_BW\Treated\image\57.png 136,10,901,148,2 27,148,1094,671,6 621,752,677,822,4 606,843,672,888,4 594,948,682,1018,4 692,745,988,799,5 706,835,1014,890,5 712,945,1034,1001,5 166,744,452,795,5 105,730,166,797,4 93,830,163,906,4 81,960,141,1018,4 168,842,450,893,5 168,968,468,1031,5 319,1041,775,1170,1 739,1260,798,1315,4 745,1341,795,1395,4 750,1403,803,1444,4 822,1400,1036,1434,5 807,1343,1034,1378,5 842,1267,1046,1305,5 254,1252,651,1305,5 206,1326,672,1453,7
..\..\..\MockDataset_BW\Treated\image\17.png 51,55,348,146,5 449,61,610,148,1 625,75,792,157,1 802,98,928,169,1 55,161,680,649,6 706,284,1018,356,5 730,429,897,621,6 913,475,1069,516,5 912,546,1057,604,5 729,650,890,830,6 908,777,1063,815,5 915,694,1070,732,5 731,867,890,1018,6 738,1041,891,1199,6 894,1050,1059,1113,5 893,1132,1058,1184,5 83,671,173,772,6 218,712,549,763,5 518,755,575,806,8 334,818,557,912,7 118,807,311,901,3 103,1001,380,1052,5 413,1113,600,1166,5 367,1104,413,1150,4 113,1069,177,1138,2 188,1105,333,1140,5
..\..\..\MockDataset_BW\Treated\image\23.png 101,86,319,159,5 66,191,307,236,5 63,303,316,360,5 63,399,313,443,5 68,488,328,536,5 90,569,331,636,5 104,675,359,952,6 180,1010,352,1106,1 446,518,523,594,2 446,636,496,690,4 741,636,792,677,4 976,617,1027,671,4 1041,623,1178,672,5 822,513,900,596,2 906,522,1095,573,5 530,536,750,581,5 509,638,678,680,5 802,641,963,677,5 368,45,1146,506,6 472,818,801,920,7 823,806,1124,908,7 1044,752,1109,803,8 694,928,901,965,5 470,941,636,989,5 973,923,1134,961,5 964,977,1161,1067,3 697,977,933,1064,3 476,998,667,1078,3 125,1201,380,1252,5 437,1183,652,1232,5 751,1192,940,1238,5 966,1145,1209,1355,6 735,1268,949,1348,1 449,1267,666,1357,1 132,1282,364,1370,1
..\..\..\MockDataset_BW\Treated\image\80.png 7,10,494,273,6 532,113,892,168,5 527,21,909,79,5 935,38,1147,113,1 940,123,1152,216,1 633,259,1206,677,6 91,339,340,605,6 372,327,477,399,8 372,393,535,439,5 374,446,542,494,5 386,514,535,593,1 57,729,508,809,5 530,744,878,802,5 912,698,1207,771,5 96,859,400,979,3 417,840,770,969,3 455,994,761,1085,1 100,993,393,1111,1 108,1113,768,1174,5 113,1176,753,1227,5 942,843,1171,1027,6 979,1068,1164,1111,5 964,1126,1170,1166,5 972,1202,1173,1238,5 986,1275,1168,1308,5 990,1327,1151,1377,5 974,1401,1175,1500,1 535,1281,851,1329,5 525,1356,846,1397,5 611,1431,846,1461,5 612,1478,849,1522,5 537,1411,600,1467,2 523,1479,604,1541,2 108,1265,480,1539,6
..\..\..\MockDataset_BW\Treated\image\19.png 236,63,333,135,8 60,133,373,424,6 109,486,354,555,5 117,613,391,677,5 87,717,420,853,1 98,876,432,1019,1 312,1082,424,1191,6 120,1134,290,1182,5 507,655,848,710,5 880,655,1245,705,5 501,37,751,132,1 1083,22,1294,108,1 492,121,1289,629,6 568,713,877,845,7 902,698,1233,799,3 516,854,1215,909,5 519,908,1226,956,5 553,998,604,1051,2 553,1063,608,1121,2 635,989,828,1031,5 631,1070,814,1104,5 898,971,939,1016,4 888,1041,939,1089,4 965,953,1149,1000,5 954,1048,1163,1075,5
..\..\..\MockDataset_BW\Treated\image\3.png 39,42,281,287,6 313,56,627,119,5 327,144,658,192,5 323,194,647,295,3 707,121,867,197,1 701,36,823,112,1 88,405,215,452,5 347,396,442,445,9 780,373,856,431,8 556,408,693,451,5 595,449,889,546,3 533,576,699,606,5 533,576,699,606,3 585,610,894,700,3 138,610,480,698,3 89,560,228,596,5 149,460,485,536,3 33,759,938,956,6 667,973,722,1021,4 366,967,414,1010,4 70,945,127,1011,4 132,969,287,1000,5 412,972,560,1012,5 726,977,895,1013,5
..\..\..\MockDataset_BW\Treated\image\49.png 57,81,318,207,5 345,81,1000,189,3 358,303,685,383,5 400,429,711,481,5 63,301,336,544,6 826,317,1040,431,1 883,458,998,527,8 775,647,1044,751,1 452,813,941,916,3 429,740,733,809,5 397,657,729,727,5 112,675,397,890,6 80,957,614,1290,6 678,989,1073,1056,5 650,1217,1112,1264,5 656,1079,1096,1194,1
..\..\..\MockDataset_BW\Treated\image\1.png 31,32,148,134,6 672,518,925,777,6 238,53,381,116,5 398,58,532,112,5 106,187,276,234,5 100,259,287,292,5 110,325,300,370,5 123,423,300,458,5 113,496,297,527,5 120,577,307,620,5 104,653,304,693,5 476,219,677,261,5 394,296,792,343,5 394,377,807,422,5 409,552,646,588,5 433,664,679,701,5 576,36,735,122,1 767,37,898,110,1 797,316,903,387,1 121,726,304,798,1 754,192,837,264,8 420,597,686,657,3 432,707,694,770,3
..\..\..\MockDataset_BW\Treated\image\24.png 127,74,519,305,6 776,78,1191,305,6 645,55,738,110,9 555,100,754,160,5 554,179,771,235,5 566,245,769,290,5 369,390,1168,452,5 386,474,1198,550,5 77,354,310,576,6 62,607,844,680,5 890,578,1198,702,7 902,711,1206,845,7 457,707,851,847,3 74,719,398,837,3 119,909,826,964,5 169,975,797,1040,5 619,1045,709,1102,8 849,899,1198,1095,6 113,1171,497,1282,3 559,1163,633,1246,2 690,1170,773,1242,2 833,1171,908,1244,2 940,1192,1191,1239,5 150,1289,538,1346,5 566,1280,883,1342,5 889,1261,1210,1370,7 714,1399,778,1466,4 440,1396,502,1459,4 167,1390,236,1463,4 240,1399,374,1459,5 502,1413,676,1456,5 811,1420,966,1453,5 1002,1392,1232,1472,1 1016,1499,1239,1572,1 756,1489,975,1575,3 478,1492,692,1563,3 155,1497,440,1577,3
..\..\..\MockDataset_BW\Treated\image\44.png 49,13,119,119,2 41,143,132,223,2 58,250,118,315,4 44,340,108,390,4 166,251,470,312,5 174,167,434,231,5 168,37,429,108,5 152,345,515,403,5 813,31,888,105,2 807,139,891,217,4 803,238,864,303,4 785,329,873,407,2 919,359,1263,430,5 901,258,1270,333,5 912,157,1246,211,5 918,55,1239,126,5 49,466,457,726,6 534,500,905,561,5 1292,496,1368,566,8 1000,587,1290,664,5 531,600,928,655,5 517,656,924,764,3 961,681,1325,768,7 58,829,395,885,5 827,853,1071,907,5 64,920,610,1039,3 84,1068,423,1121,5 108,1136,624,1255,7 749,1092,958,1144,5 813,933,1349,1069,3 856,1158,1359,1286,7
..\..\..\MockDataset_BW\Treated\image\83.png 264,22,820,136,5 256,174,830,290,3 252,305,820,444,1 66,477,432,652,6 457,483,758,648,6 764,483,1069,623,6 777,628,1035,671,5 805,674,1033,718,5 836,734,1039,766,5 481,744,753,780,5 457,700,753,733,5 475,656,742,681,5 100,682,392,721,5 104,737,420,772,5 329,858,838,916,5 344,931,421,1006,2 431,966,859,1012,5 322,1029,876,1128,1
..\..\..\MockDataset_BW\Treated\image\90.png 43,61,271,214,6 71,222,209,266,5 65,277,226,330,5 50,385,110,453,2 122,397,231,436,5 46,468,101,523,2 109,475,225,509,5 105,542,228,577,5 45,531,103,593,2 55,632,237,679,5 65,688,242,726,5 50,755,232,821,7 52,843,243,922,3 50,955,249,1022,1 340,30,950,323,6 348,330,591,413,5 379,439,915,478,5 376,510,911,554,5 374,588,904,642,5 364,655,607,731,7 636,653,901,746,1 441,736,755,814,1 294,874,504,1084,7 506,876,683,938,5 510,965,690,1007,5 514,1017,694,1058,5 710,968,875,1055,7 784,876,868,931,8
..\..\..\MockDataset_BW\Treated\image\95.png 44,52,392,132,5 57,166,168,251,9 58,259,149,347,8 490,49,1223,353,6 97,481,175,550,4 93,578,159,641,4 94,705,161,769,4 176,490,501,540,5 185,578,473,637,5 175,725,487,780,5 86,795,521,938,1 633,459,1190,731,6 670,729,1098,793,5 677,807,1139,863,5 688,875,1182,912,5 88,1004,567,1193,7 633,1010,1308,1171,1
..\..\..\MockDataset_BW\Treated\image\7.png 4,13,868,322,6 76,388,230,494,3 62,555,221,646,3 86,695,225,795,1 34,878,89,941,2 40,968,90,1036,2 37,1070,102,1136,2 107,1085,255,1130,3 105,985,247,1029,3 101,878,247,930,3 338,435,601,483,3 322,545,602,597,3 322,619,604,661,3 301,688,621,732,3 309,790,816,851,3 320,883,829,934,3 333,996,847,1070,3 373,1087,830,1149,3 652,430,816,727,6
..\..\..\MockDataset_BW\Treated\image\88.png 34,60,257,382,6 307,89,453,138,5 283,159,446,227,1 285,241,446,314,1 288,319,436,373,1 508,78,783,123,5 540,131,814,210,3 511,211,770,258,5 553,260,815,331,3 510,339,705,372,5 559,371,817,427,3 67,487,125,533,4 70,574,118,625,4 145,475,335,529,5 128,574,363,619,5 365,526,497,584,1 509,460,782,657,6 66,714,303,770,5 130,785,475,869,7 45,879,357,926,5 120,931,463,1023,7 530,725,761,752,5 535,777,766,810,5 539,828,758,854,5 528,911,784,990,1
..\..\..\MockDataset_BW\Treated\image\15.png 31,73,876,510,6 102,553,432,894,6 443,653,734,713,5 656,561,769,632,8 576,802,804,902,1
..\..\..\MockDataset_BW\Treated\image\104.png 79,65,208,148,3 82,173,208,240,3 78,277,219,347,1 68,455,222,543,6 68,598,232,705,6 95,715,170,772,8 512,104,677,327,6 298,40,646,88,5 315,117,500,176,5 336,182,471,221,5 330,248,479,287,5 349,308,475,341,5 330,355,634,404,5 349,424,652,476,5 358,498,665,545,5 367,566,611,624,5 374,655,606,693,5 393,728,607,762,5 51,824,685,918,6
..\..\..\MockDataset_BW\Treated\image\35.png 15,23,537,122,5 73,168,515,250,5 76,245,517,322,5 853,115,1103,337,6 66,375,649,553,7 70,566,626,689,3 737,413,1099,536,1 726,582,1058,702,1 81,729,494,1089,6 626,748,688,806,4 608,847,682,903,4 608,925,678,1002,2 611,1022,688,1091,2 713,1033,1012,1086,5 719,946,1010,995,5 706,823,1019,918,5 700,752,1009,801,5 89,1184,366,1472,6 399,1176,724,1267,3 772,1184,1020,1277,7 413,1286,680,1342,5 760,1298,1024,1347,5 741,1374,1004,1425,5 420,1390,688,1433,5
..\..\..\MockDataset_BW\Treated\image\106.png 1,28,297,213,6 324,26,650,114,3 323,130,653,223,7 707,148,999,194,5 734,30,993,83,5 25,231,651,279,5 0,296,644,336,5 687,225,1242,407,6 846,400,1211,470,1 844,472,1192,527,7 838,539,1178,606,7 429,386,483,434,4 424,471,468,507,4 418,539,469,586,4 496,401,770,433,5 501,472,784,524,5 505,542,804,589,5 257,376,317,421,8 76,416,278,438,5 29,391,76,463,2 28,477,68,539,2 22,551,71,622,2 19,639,69,700,2 21,714,75,784,2 42,796,89,872,2 83,500,273,538,5 86,591,267,620,5 79,653,261,693,5 93,726,321,767,5 101,811,298,868,5 374,612,821,683,1 384,703,819,774,1 378,786,812,854,1 842,623,1188,704,7 834,712,1187,771,3 814,780,1170,850,3 405,881,795,921,5 871,870,1161,924,5 69,972,350,1065,3 73,1074,337,1181,3 119,1194,324,1238,5 435,1198,630,1241,5 422,1099,607,1176,7 414,971,633,1067,7 670,1003,706,1057,4 657,1092,703,1133,4 656,1161,707,1204,4 657,1211,704,1261,4 714,1022,865,1060,5 720,1096,866,1131,5 728,1171,861,1200,5 721,1224,866,1252,5 902,1012,1128,1274,6
..\..\..\MockDataset_BW\Treated\image\107.png 41,54,179,215,6 226,77,398,107,5 227,144,401,179,5 192,39,251,78,8 247,184,309,227,9 46,227,395,303,7 61,307,384,383,3 57,386,389,493,6 84,503,372,552,1 489,30,708,266,6 747,19,809,83,2 743,95,815,160,2 754,168,820,227,2 836,47,1045,85,5 842,103,1039,137,5 846,171,1056,199,5 826,290,1071,366,7 487,290,785,360,3 497,372,786,451,5 842,391,1064,449,5 476,473,793,582,6 419,607,600,649,5 33,601,277,646,5 349,597,400,649,4 662,607,708,652,4 831,491,1062,563,3 748,607,1058,658,5 32,670,70,723,4 82,679,234,709,5 15,741,61,798,4 73,743,250,794,5 25,842,73,895,4 94,854,269,894,5 28,923,76,974,4 116,931,286,971,5 357,722,416,810,2 353,824,420,901,2 369,911,414,974,2 382,986,426,1037,2 443,749,633,789,5 443,848,620,889,5 430,933,643,964,5 458,1006,677,1040,5 661,731,799,1045,6 827,750,1016,814,3 850,832,1027,894,3 851,910,1046,982,7 856,983,1058,1054,7
..\..\..\MockDataset_BW\Treated\image\11.png 38,23,619,402,6 678,76,1139,150,5 662,189,1162,248,5 675,307,1162,360,5 34,435,1148,494,5 29,519,466,657,7 560,537,1121,682,1 560,715,672,798,9 128,706,248,779,8 82,798,757,1107,6 809,695,1149,1484,6 103,1132,407,1232,7 440,1116,732,1227,7 121,1244,712,1285,5 116,1293,704,1339,5 98,1349,734,1444,1
..\..\..\MockDataset_BW\Treated\image\4.png 107,62,347,112,5 63,130,168,238,6 184,129,274,235,6 283,129,398,225,6 90,259,385,301,5 71,310,390,380,3 84,390,162,431,8 261,380,390,440,1 490,32,543,94,2 495,130,545,184,2 495,215,557,282,2 548,47,787,95,5 553,137,805,184,5 567,230,822,263,5 486,290,850,359,1 503,376,856,458,3 24,476,858,622,6 79,644,361,734,7 506,639,859,739,7 319,741,813,811,3 125,772,276,809,5 340,817,836,903,3 119,852,326,905,5 137,936,399,1078,6 464,960,509,1015,4 474,1022,518,1060,4 522,972,644,1004,3 530,1015,655,1048,3 656,959,783,1027,1
..\..\..\MockDataset_BW\Treated\image\62.png 168,84,644,390,6 552,424,670,499,9 1183,435,1330,537,9 890,84,1343,430,6 885,437,1168,513,5 179,408,477,504,5 206,524,463,608,3 472,510,679,610,3 472,510,679,610,7 877,544,1090,652,7 1108,561,1307,659,7 110,754,1359,832,5 110,866,1345,928,5 677,967,1312,1027,5 93,954,624,1311,6 675,1054,1099,1141,3 663,1147,1210,1216,5 715,1225,1114,1329,7 470,1389,865,1485,7 457,1502,850,1611,3 73,1367,433,1609,6 923,1380,1345,1616,6
..\..\..\MockDataset_BW\Treated\image\93.png 46,42,547,547,6 575,91,973,158,5 538,186,1016,330,7 561,354,1031,513,7 180,574,1046,655,5 128,694,1055,780,5 542,801,621,886,2 630,822,1041,863,5 139,807,512,930,1 489,999,753,1095,1 506,1122,756,1213,1 523,1254,772,1348,7 795,979,1164,1325,6 125,1004,484,1357,6
..\..\..\MockDataset_BW\Treated\image\76.png 4,38,449,415,6 504,122,598,193,8 455,240,574,321,9 708,105,1016,184,5 743,222,1013,300,5 811,313,902,367,9 921,318,1009,371,8 714,383,799,460,2 817,396,1029,441,5 810,478,1010,530,5 699,466,797,539,2 43,443,607,495,5 49,523,627,586,5 329,624,595,724,1 45,612,283,711,1 16,771,662,852,5 718,561,1051,869,6 656,52,1085,905,6 662,951,1023,1310,6 46,962,320,1023,5 84,1023,578,1121,3 63,1143,332,1194,5 99,1199,583,1296,3
..\..\..\MockDataset_BW\Treated\image\53.png 10,55,738,404,6 808,108,1077,216,5 831,222,1141,278,5 821,296,1138,345,5 849,352,1166,590,6 860,623,1112,707,5 891,714,1136,761,5 873,773,1157,808,5 898,811,1152,866,5 896,874,1190,1074,6 63,428,463,527,5 54,546,740,607,5 45,613,751,668,5 40,680,758,716,5 60,745,795,945,6 45,970,415,1120,3 424,958,790,1077,7
..\..\..\MockDataset_BW\Treated\image\22.png 69,71,171,161,6 889,82,1069,188,1 1148,106,1326,191,1 576,95,867,157,5 228,98,479,133,5 55,212,155,332,2 66,350,153,427,2 63,446,144,502,2 191,464,452,495,5 182,369,441,400,5 187,256,468,309,5 607,263,902,323,5 970,272,1052,324,9 1258,263,1319,316,8 1034,326,1335,422,7 648,328,954,408,3 639,432,951,535,1 1025,462,1330,546,7 582,579,970,696,1 93,611,517,658,5 1060,630,1348,680,5 1028,729,1267,771,5 966,718,1020,774,4 962,790,1020,843,4 954,850,1015,896,4 579,858,633,896,4 584,704,637,772,4 587,790,626,832,4 644,714,867,767,5 637,793,868,829,5 642,853,856,891,5 1022,807,1270,840,5 1033,862,1348,899,5 98,676,560,924,6 103,924,701,1038,3 729,930,1362,1032,3 109,1047,430,1180,1 512,1096,960,1168,5 1009,1071,1337,1177,1 190,1258,505,1302,5 185,1332,519,1380,5 606,1253,902,1310,5 576,1340,940,1388,5 965,1244,1314,1405,6
..\..\..\MockDataset_BW\Treated\image\84.png 40,15,520,418,6 590,25,1146,414,6 636,439,1034,505,5 73,457,429,520,5 227,568,499,628,5 83,550,166,620,2 76,638,492,756,7 414,785,525,873,8 74,780,345,890,3 605,532,1015,663,3 624,681,1062,747,5 613,754,1019,850,7 623,855,1027,944,7 74,969,697,1036,5 86,1059,702,1135,5 70,1150,707,1206,5 764,971,1112,1251,6 817,1274,1093,1344,5 790,1415,1085,1480,5 424,1253,760,1379,3 99,1259,411,1377,3 108,1407,402,1519,3 431,1402,754,1518,3
..\..\..\MockDataset_BW\Treated\image\67.png 31,59,590,168,5 218,269,343,339,5 379,239,761,354,3 771,253,909,312,5 924,214,1061,316,1 230,574,713,654,5 903,527,1025,623,8 250,686,985,742,5 265,775,1036,852,5 277,890,1044,938,5 305,994,545,1096,1 779,980,1044,1108,1 549,1216,922,1263,5 125,1231,451,1280,5 1013,1195,1336,1285,7
..\..\..\MockDataset_BW\Treated\image\102.png 81,54,378,161,3 98,178,382,265,7 393,46,657,83,5 384,95,652,150,5 405,180,642,220,5 93,308,392,352,5 81,365,393,416,5 412,285,689,487,6 75,424,242,482,1 266,424,402,483,1 71,501,224,561,3 243,502,401,563,3 411,490,673,586,3 246,598,380,670,7 75,592,230,667,7 407,613,648,654,5 368,691,623,732,5 74,686,336,751,1 70,764,222,872,6 437,759,618,865,6 258,770,407,801,5 254,818,406,848,5 62,882,298,936,3 300,875,615,929,1 308,950,588,992,5 65,949,267,987,5 297,1004,522,1036,5 430,1040,563,1090,1 275,1039,416,1091,1 51,999,258,1097,6
..\..\..\MockDataset_BW\Treated\image\41.png 117,119,381,361,6 452,135,984,233,5 1085,145,1325,274,7 1102,289,1328,408,7 1110,464,1333,548,3 1119,561,1343,640,3 1128,648,1340,727,3 451,254,994,338,5 246,430,544,487,5 170,424,237,497,4 153,527,218,585,4 175,629,228,684,4 250,528,555,583,5 258,641,562,699,5 687,418,755,506,2 676,521,748,604,2 673,631,740,688,2 782,442,1082,494,5 767,540,1059,582,5 757,644,1058,681,5 682,715,1067,816,1 155,724,592,840,1 120,898,440,1206,6 518,926,902,990,5 532,1025,914,1088,5 506,1120,941,1191,5 1061,933,1123,1000,2 1039,1009,1113,1079,2 1034,1108,1107,1190,2 1150,930,1347,979,5 1119,1034,1350,1083,5 1131,1132,1350,1166,5 944,1252,1365,1344,5 111,1237,889,1347,1
..\..\..\MockDataset_BW\Treated\image\58.png 16,53,719,296,6 926,68,1035,178,6 1057,84,1204,180,6 1233,77,1373,176,6 88,342,1360,811,6 1191,751,1305,822,8 83,958,527,1110,1 573,929,982,1077,1 144,1194,368,1276,5 476,1123,1331,1221,5 481,1228,866,1358,3 929,1188,1317,1329,3 944,1353,1315,1460,7 455,1371,845,1513,7 127,1276,422,1536,6
..\..\..\MockDataset_BW\Treated\image\10.png 10,33,997,327,6 70,387,280,662,6 334,480,502,532,5 322,571,511,625,5 115,687,492,745,5 606,457,943,524,5 676,653,950,716,5 688,746,967,807,5 582,327,977,449,7 588,531,976,644,7 390,373,490,444,8 116,762,482,857,1 582,658,655,740,2 577,752,652,831,2
..\..\..\MockDataset_BW\Treated\image\33.png 108,14,1269,208,6 126,210,1289,280,5 57,287,662,557,6 818,313,1329,596,6 126,600,610,649,5 92,683,643,730,5 849,681,1311,743,5 849,604,1318,671,5 65,900,597,978,5 36,1041,621,1124,5 691,916,1325,1059,3 695,1052,1318,1218,7 583,1280,661,1337,2 104,1225,182,1318,2 113,1339,186,1410,2 195,1252,426,1319,5 205,1348,455,1415,5 88,1495,504,1625,3 550,1491,874,1628,3 924,1509,1264,1641,7 722,1392,1013,1448,5 706,1301,1016,1363,5 1114,1316,1340,1366,5 1130,1410,1342,1466,5 1045,1301,1101,1370,2 1033,1395,1109,1468,2 583,1366,652,1451,2
..\..\..\MockDataset_BW\Treated\image\43.png 3,77,394,187,5 52,226,730,277,5 18,315,769,370,5 18,419,801,498,5 65,641,327,688,5 58,737,360,785,5 58,806,354,850,5 50,885,349,940,5 67,956,341,1001,5 52,1017,356,1078,5 69,1074,343,1119,5 71,1150,372,1251,1 470,588,828,716,3 478,737,820,861,3 913,169,1648,706,6 1320,704,1593,826,7 948,722,1278,779,5 928,832,1296,901,5 1310,828,1579,966,7 1290,987,1559,1048,5 1276,1086,1559,1133,5 1288,1148,1585,1205,5 470,907,1259,1233,6 431,1392,757,1493,3 105,1408,388,1489,5 101,1522,439,1595,5 457,1520,767,1622,3 864,1339,1498,1719,6 1172,1736,1491,1870,7 879,1758,1151,1837,5 395,1709,797,1847,7 89,1727,354,1793,5
..\..\..\MockDataset_BW\Treated\image\81.png 88,62,501,592,6 531,97,940,167,5 567,173,1023,273,7 584,284,1019,362,7 554,383,922,443,5 802,450,866,518,2 553,450,629,518,2 623,463,776,510,5 862,469,1035,508,5 52,661,499,1076,6 544,690,990,761,5 557,807,1064,860,5 538,905,1071,959,5 532,999,1157,1055,5 63,1096,188,1234,2 69,1249,170,1315,2 229,1169,685,1207,5 226,1227,690,1322,7 782,1116,1182,1226,1 776,1221,1173,1324,1
..\..\..\MockDataset_BW\Treated\image\87.png 14,0,900,292,6 408,304,684,389,5 452,428,828,458,5 462,490,843,525,5 472,578,815,721,6 703,719,862,783,1 432,733,688,797,7 88,326,224,487,6 225,353,347,387,5 235,410,350,463,5 109,511,365,547,5 118,589,349,642,5 129,648,364,690,5 147,717,354,790,3 125,899,358,947,5 394,868,585,934,7 606,883,790,918,5 798,840,869,883,8
..\..\..\MockDataset_BW\Treated\image\14.png 15,3,824,379,6 255,426,454,471,5 222,481,703,784,6 301,796,599,900,1
..\..\..\MockDataset_BW\Treated\image\101.png 10,40,282,110,3 29,116,296,187,3 296,26,727,175,6 56,220,300,260,5 76,365,257,405,5 146,268,481,345,3 157,412,472,484,7 154,542,476,609,7 87,498,300,532,5 104,628,461,672,5 495,255,677,657,6 452,728,702,906,6 126,813,388,890,7 110,765,286,808,5 109,894,265,931,5 143,939,382,1014,7 117,1023,282,1056,5 159,1056,373,1126,1 127,1145,305,1179,5 130,1177,356,1258,6 431,919,688,961,5 420,976,682,1022,5 426,1039,692,1086,5 439,1100,559,1190,6 565,1102,698,1180,6 425,1198,476,1263,2 488,1218,681,1250,5
..\..\..\MockDataset_BW\Treated\image\70.png 34,11,256,290,6 315,21,628,110,3 306,120,609,218,3 693,32,992,162,7 698,154,987,287,7 552,231,656,294,8 84,351,340,514,6 357,361,593,502,6 380,510,588,585,1 110,516,323,596,1 676,355,942,413,5 666,430,931,476,5 687,489,944,559,1 43,633,483,719,1 47,776,476,923,3 540,634,972,838,6 554,816,930,881,3 57,940,963,1030,5 65,1044,969,1098,5 82,1139,573,1195,5 588,1115,977,1251,7
..\..\..\MockDataset_BW\Treated\image\52.png 23,20,362,349,6 414,26,784,134,5 860,45,1266,360,6 467,176,832,326,7 43,359,455,478,3 520,393,836,457,5 903,368,1266,487,3 894,515,960,584,2 874,598,955,666,2 459,505,843,675,6 124,612,413,663,5 65,610,116,668,4 65,521,125,567,4 128,530,418,572,5 989,522,1241,575,5 996,610,1260,663,5 50,702,659,873,1 677,702,1317,879,1 788,947,1105,1034,5 91,926,472,1043,5 127,1057,572,1090,5 130,1102,564,1136,5 832,1043,1197,1090,5 839,1111,1184,1171,5 339,1162,611,1266,1 991,1226,1234,1358,1
..\..\..\MockDataset_BW\Treated\image\82.png 42,13,244,320,6 276,49,563,108,5 273,138,583,197,5 265,236,591,301,5 50,369,601,431,5 113,453,414,499,5 142,532,410,579,5 106,616,431,672,5 117,721,386,760,5 55,446,105,505,4 50,528,102,593,4 30,624,95,675,4 37,706,97,771,4 428,449,629,786,6 723,43,1098,100,5 677,131,1077,177,5 660,210,1069,244,5 685,276,1054,391,3 687,417,1041,534,1 712,578,1028,734,6 351,866,748,1128,6
..\..\..\MockDataset_BW\Treated\image\20.png 100,94,330,199,1 355,105,568,157,5 648,101,856,145,5 987,88,1207,112,5 73,279,372,330,5 710,237,987,286,5 714,319,1291,619,6 376,394,620,459,5 119,340,354,514,6 151,510,637,556,5 175,567,644,604,5 173,620,644,654,5 1086,644,1333,744,1 704,670,926,771,1 135,706,643,779,5 139,821,201,891,2 123,903,198,960,2 130,974,191,1030,2 196,983,519,1011,5 215,914,504,935,5 239,842,557,877,5 737,869,933,1008,6 1079,841,1298,992,6 1093,999,1285,1030,5 1106,1054,1290,1082,5 1104,1120,1280,1157,5 1175,1165,1248,1210,8 824,1185,897,1232,8 754,1026,919,1058,5 779,1099,923,1126,5 749,1157,918,1182,5 114,1072,279,1113,5 300,1072,537,1110,5 300,1124,571,1162,5 495,1155,605,1225,1 290,1168,486,1237,3 126,1119,283,1241,6
..\..\..\MockDataset_BW\Treated\image\74.png 82,1,729,131,3 758,1,1121,112,1 753,130,1100,259,1 66,136,722,231,3 77,246,443,356,7 486,246,779,357,7 792,276,1072,380,7 678,411,1021,476,5 523,450,634,517,9 519,556,629,656,8 89,425,451,493,5 84,496,507,786,6 667,496,1057,772,6 559,903,623,983,2 615,933,797,975,5 893,930,1067,967,5 814,913,886,985,2 79,907,468,1017,7 37,1033,492,1133,3 546,1022,1080,1113,7
..\..\..\MockDataset_BW\Treated\image\72.png 5,20,492,143,7 525,20,951,141,7 501,165,562,221,4 18,172,79,228,4 74,183,431,215,5 600,178,934,223,5 6,237,465,322,1 13,341,440,411,5 34,419,458,661,6 78,695,459,854,1 591,300,898,353,5 551,386,864,439,5 560,467,851,519,5 545,587,671,627,5 569,650,674,690,5 682,563,912,756,6 561,765,872,858,1 87,873,956,1148,6
..\..\..\MockDataset_BW\Treated\image\32.png 58,67,112,128,4 52,158,114,222,4 54,274,128,331,4 39,462,109,545,2 33,593,114,665,2 139,444,279,572,6 137,587,267,700,6 21,747,518,914,7 531,739,956,915,6 971,773,1175,891,1 175,262,518,317,5 173,149,513,215,5 173,82,495,119,5 652,48,957,89,5 643,101,1175,306,6 948,422,1197,739,6 300,615,940,681,5 304,481,822,547,5 133,987,291,1083,1 157,1115,281,1240,1 351,981,601,1270,6 612,991,838,1085,3 609,1088,829,1188,7 872,1110,1113,1219,3 871,990,1114,1101,7 926,1243,1041,1311,8
..\..\..\MockDataset_BW\Treated\image\40.png 52,17,1455,105,5 54,124,509,275,1 66,294,495,447,1 521,105,899,644,6 926,119,1466,277,1 925,325,1430,476,1 943,526,1440,591,5 102,483,471,556,5 88,656,474,747,5 184,759,632,874,7 191,890,641,1017,1 746,733,1103,848,7 1126,766,1345,835,5 715,897,871,952,5 878,871,1344,1001,1 712,1003,1053,1125,7 1074,1008,1364,1125,3 191,1070,665,1199,3 108,1233,698,1310,5 739,1216,1400,1273,5 122,1333,827,1551,6 849,1324,1459,1570,6
..\..\..\MockDataset_BW\Treated\image\94.png 56,77,328,413,6 400,88,622,144,5 364,191,628,247,5 390,283,614,354,5 737,68,998,133,5 756,151,1003,218,5 746,245,1005,290,5 773,353,997,405,5 750,420,1014,658,6 161,478,596,546,5 69,479,151,562,2 83,613,163,688,2 171,617,669,673,5 426,778,815,848,5 886,753,1005,854,8 513,886,818,933,5 433,893,505,942,4 434,971,500,1040,4 525,982,832,1033,5 130,777,403,1089,6
..\..\..\MockDataset_BW\Treated\image\46.png 42,39,577,109,5 23,143,584,207,5 24,235,595,360,1 603,29,1287,376,6 14,399,234,510,3 251,399,544,526,7 578,397,833,505,7 892,385,1220,507,3 640,569,941,683,5 72,575,476,638,5 38,688,511,750,5 23,785,539,875,5 55,890,564,1001,3 30,1034,578,1274,6 683,697,1118,740,5 678,761,1125,803,5 638,834,1125,875,5 679,908,1130,956,5 680,1015,1107,1064,5 682,1130,749,1191,2 757,1135,850,1179,5 867,1114,1091,1217,1
..\..\..\MockDataset_BW\Treated\image\38.png 100,8,760,337,6 866,43,1418,104,5 880,120,1383,217,3 870,236,1383,339,7 864,375,1507,509,7 102,399,793,513,5 63,575,764,631,5 104,648,764,728,5 90,784,793,838,5 90,859,795,919,5 843,977,1474,1055,5 847,538,1523,960,6 53,964,805,1374,6 853,1086,1437,1177,5 814,1207,1453,1293,5 904,1324,1420,1382,5 55,1445,435,1533,5 601,1467,895,1525,5 621,1536,994,1678,7 121,1546,530,1649,3 1037,1471,1414,1742,6
..\..\..\MockDataset_BW\Treated\image\12.png 145,94,593,164,5 125,234,595,299,5 617,95,1131,202,3 593,215,1135,361,3 90,460,516,787,6 585,425,1231,786,6 609,801,1205,882,5 633,913,1219,978,5 642,1000,1222,1068,5 646,1085,1256,1207,1 109,1052,492,1145,7 166,993,471,1035,5 189,906,455,965,5 193,823,450,871,5 100,803,158,873,2 83,891,158,969,2 89,977,148,1032,4
..\..\..\MockDataset_BW\Treated\image\42.png 249,106,686,232,5 257,263,664,582,6 888,93,1014,195,6 888,236,1018,389,6 870,447,1027,555,6 875,586,1025,707,6 1065,599,1401,679,5 1056,462,1377,540,5 1054,274,1356,351,5 1042,124,1337,186,5 70,728,465,873,3 499,728,859,909,7 945,752,1109,940,6 941,957,1105,1130,6 1162,765,1357,931,6 1178,953,1367,1117,6 698,995,799,1074,8 406,991,611,1061,5 83,995,322,1099,5 580,1064,687,1123,9 36,1181,423,1347,3 461,1187,834,1344,3 937,1200,1372,1380,3 32,1384,421,1541,7 514,1415,888,1503,5 958,1395,1356,1557,7 742,1588,1352,1650,5 14,1581,653,1652,5
..\..\..\MockDataset_BW\Treated\image\50.png 104,21,471,100,5 81,106,544,229,5 686,265,1081,338,5 688,372,1098,433,5 697,486,1090,527,5 697,544,1115,603,5 74,265,671,616,6 106,633,418,875,6 493,624,835,858,6 864,625,1166,833,6 898,864,1157,937,5 510,879,811,943,5 108,896,365,958,5 87,988,361,1062,3 501,956,833,1058,7 869,952,1168,1071,3 85,1105,593,1234,5 89,1258,1174,1317,5 68,1347,401,1459,3 461,1349,811,1474,5 824,1345,1185,1495,5 867,1510,1183,1578,3 847,1610,1166,1687,3 21,1481,799,1729,6
..\..\..\MockDataset_BW\Treated\image\64.png 294,58,822,415,6 899,31,1355,297,6 90,71,271,150,5 107,166,284,231,5 132,258,313,299,5 134,316,296,363,5 119,436,207,505,2 215,442,514,521,5 554,442,788,540,1 913,328,1345,411,5 919,426,1374,490,5 898,513,1376,594,5 49,615,514,773,3 550,629,1025,783,3 1048,663,1403,766,5 909,812,1409,889,5 921,908,1416,968,5 913,976,1399,1082,7 30,789,849,1097,6 541,1151,965,1219,5 618,1238,689,1304,2 680,1244,959,1300,5 992,1209,1063,1275,4 1077,1211,1349,1273,5 1079,1317,1366,1371,5 984,1296,1062,1356,4 7,1103,441,1732,6 485,1458,967,1529,5 1017,1423,1391,1547,1 1042,1570,1407,1707,1 485,1578,971,1666,5
..\..\..\MockDataset_BW\Treated\image\68.png 13,19,429,205,6 718,85,1265,179,5 68,244,457,380,1 537,269,946,428,1 984,271,1243,425,1 85,478,687,836,6 738,472,1168,542,5 97,858,540,904,5 440,921,702,1008,1 114,930,380,1015,1 813,561,1272,674,7 798,694,1165,762,5 860,759,1276,873,7 808,885,1127,935,5 878,935,1306,1047,7 57,1075,1308,1148,5 64,1162,539,1279,3 74,1289,530,1426,1 614,1191,882,1252,5 899,1170,1358,1295,3 593,1278,1417,1556,6
..\..\..\MockDataset_BW\Treated\image\91.png 9,13,467,555,6 499,33,905,148,5 537,202,1053,253,5 529,315,1053,383,5 532,446,1065,573,1 39,618,401,672,5 29,702,487,820,7 29,702,487,820,2 22,841,100,925,2 22,841,100,925,5 113,855,439,913,5 44,947,96,1009,4 30,1019,97,1073,4 105,949,436,996,5 108,1019,402,1066,5 451,593,1124,1164,6
..\..\..\MockDataset_BW\Treated\image\78.png 63,17,476,272,6 528,20,1089,77,5 523,99,1090,168,5 530,176,783,270,1 813,174,1102,258,1 604,289,1067,369,3 622,403,1047,497,3 85,299,565,382,5 82,413,607,476,5 109,545,169,607,2 90,631,162,698,2 97,731,167,807,4 617,750,671,800,4 604,621,669,679,2 615,532,689,604,2 179,550,562,604,5 189,634,580,703,5 199,748,530,802,5 719,540,1017,592,5 693,632,1017,693,5 696,746,1032,809,5 90,881,498,991,3 88,1008,490,1124,3 88,1142,503,1267,7 567,881,1045,948,5 580,1003,1074,1069,5 612,1082,1067,1151,5 562,1181,1040,1243,5 495,1277,1032,1476,6 90,1288,454,1480,6
..\..\..\MockDataset_BW\Treated\image\16.png 21,66,818,398,6 354,392,826,689,6 47,386,292,631,6 47,672,239,716,5 45,762,268,864,1
..\..\..\MockDataset_BW\Treated\image\75.png 27,15,1133,254,6 532,283,857,375,5 515,400,1076,453,5 512,481,1058,541,5 496,558,1067,865,6 512,882,991,939,5 518,953,1054,1004,5 483,1010,732,1090,3 731,1011,1067,1099,1 234,295,426,354,5 74,313,209,462,6 252,374,420,422,5 233,419,410,456,5 82,482,405,577,1 60,624,404,668,5 60,624,404,668,4 71,684,337,736,5 37,758,264,862,7 72,880,126,944,2 68,963,131,1026,2 144,877,415,934,5 147,972,398,1012,5 94,1159,401,1217,5 487,1176,789,1214,5 487,1240,769,1292,5 82,1239,410,1294,5 805,1188,965,1277,1 966,1185,1079,1256,1
..\..\..\MockDataset_BW\Treated\image\71.png 72,77,338,156,5 384,72,438,143,2 466,79,647,125,5 691,18,992,199,6 62,227,128,286,4 59,299,115,372,4 64,391,128,442,4 41,473,113,546,4 542,207,979,314,7 547,316,959,399,7 552,418,962,528,7 134,237,415,288,5 141,311,425,376,5 151,396,452,439,5 128,483,447,531,5 51,562,366,600,5 21,631,353,663,5 21,705,358,741,5 13,760,368,804,5 391,549,1005,820,6 23,812,455,940,3 491,845,994,922,5 458,919,974,1014,3 34,947,430,978,5 44,990,448,1095,1 34,1095,442,1221,1 25,1208,447,1516,6 476,1024,936,1088,5 470,1120,971,1182,5 512,1244,972,1304,5 517,1328,984,1384,5 522,1419,590,1481,2 603,1437,995,1491,5
..\..\..\MockDataset_BW\Treated\image\13.png 40,62,702,346,6 328,352,701,447,1 48,354,327,465,1 452,501,671,545,5 452,597,700,644,5 460,719,713,760,5 464,827,720,861,5 455,903,711,943,5 126,733,375,769,5 109,774,372,810,5 103,822,405,892,1 79,509,405,716,6
..\..\..\MockDataset_BW\Treated\image\100.png 86,46,401,154,5 88,176,483,250,5 78,297,461,383,5 88,453,376,517,5 261,545,451,581,5 188,524,251,604,2 157,1069,522,1151,5 115,871,553,995,1 599,876,948,1002,1 633,1154,940,1271,1 199,1172,543,1280,7 801,1307,889,1373,8 758,1055,899,1143,9 539,459,965,859,6 511,309,953,412,7 512,170,953,278,3 526,25,977,159,3
..\..\..\MockDataset_BW\Treated\image\66.png 52,77,616,354,6 91,393,157,459,2 83,487,154,550,2 85,589,155,652,4 71,673,142,737,4 75,780,139,854,4 48,887,121,960,2 172,397,549,453,5 174,502,564,550,5 164,588,569,637,5 172,686,600,736,5 170,785,598,846,5 159,905,601,955,5 684,112,903,227,5 919,112,1051,194,5 1084,107,1235,191,5 682,272,792,398,6 819,286,1177,365,5 680,431,1207,499,5 672,522,942,660,3 962,514,1194,647,7 662,680,1186,733,5 710,747,1168,867,1 692,891,1189,1039,6 24,1078,1235,1292,6 24,1307,381,1463,6 445,1304,774,1483,6 847,1305,1209,1472,6
..\..\..\MockDataset_BW\Treated\image\30.png 73,67,478,343,6 582,70,969,337,6 671,370,996,428,5 151,384,477,427,5 84,522,362,583,5 85,619,417,658,5 628,500,1005,553,5 622,583,1001,651,5 157,713,352,814,6 447,708,638,808,6 745,713,940,812,6 756,825,934,926,6 458,840,665,951,6 176,841,370,952,6
..\..\..\MockDataset_BW\Treated\image\26.png 52,56,282,113,5 98,130,290,210,7 114,213,293,298,7 431,59,486,111,2 429,130,492,188,2 423,214,484,266,2 497,218,648,255,5 507,141,652,188,5 507,62,637,107,5 473,273,674,351,1 777,269,938,339,3 758,226,927,251,5 765,161,937,193,5 784,93,930,139,5 793,48,933,78,5 91,456,253,661,6 302,461,367,531,2 573,457,643,519,2 799,427,868,469,8 301,567,353,624,4 514,575,573,622,4 705,567,760,619,4 657,478,874,515,5 383,480,540,519,5 357,579,496,616,5 578,565,691,615,5 764,572,889,620,5 98,723,631,889,6 698,770,898,812,5 782,876,889,911,5 838,810,896,854,8 699,852,764,926,2 710,954,773,1029,2 779,974,923,1009,5 773,1054,905,1094,5 713,1047,768,1098,4 718,1102,758,1140,4 762,1103,902,1132,5 720,1150,909,1236,1 346,895,644,1010,7 114,929,345,999,5 378,1044,607,1087,5 73,1014,353,1118,3 304,1129,452,1212,3 471,1147,622,1184,5 92,1162,268,1212,5
..\..\..\MockDataset_BW\Treated\image\65.png 55,95,239,243,6 394,69,1067,212,3 1067,72,1237,202,1 87,330,562,739,6 580,323,912,446,5 1091,335,1380,475,1 130,837,296,925,1 306,826,513,920,1 530,831,719,925,1 1134,796,1261,876,8 388,940,618,1009,3 450,1045,618,1126,1 652,1028,801,1105,1 866,1018,1248,1105,3 134,945,367,1128,6 118,1151,553,1293,7 595,1151,815,1294,1 843,1134,1228,1275,7 172,1319,584,1404,5 696,1301,1230,1359,5
..\..\..\MockDataset_BW\Treated\image\61.png 393,78,837,233,6 959,88,1114,188,9 134,291,393,402,1 416,281,685,392,1 720,272,996,382,1 1013,264,1163,336,5 141,568,465,636,5 129,708,491,788,5 166,828,496,882,5 685,546,1070,663,1 707,669,1085,795,1 725,801,1092,915,1 141,1014,627,1104,5 102,1144,681,1472,6 739,1144,1079,1239,5 1097,1124,1188,1199,8 756,1259,1161,1303,5 779,1325,1131,1374,5 808,1379,1112,1476,3
..\..\..\MockDataset_BW\Treated\image\39.png 47,51,501,178,5 800,20,1447,186,3 827,211,1458,369,7 28,232,655,397,7 51,414,1495,805,6 817,842,886,914,2 794,959,888,1024,2 790,1055,897,1135,2 917,844,1402,895,5 938,957,1378,1041,5 958,1076,1402,1155,5 57,1071,741,1121,5 51,971,739,1045,5 57,875,712,938,5 116,1246,186,1336,4 121,1379,186,1438,4 129,1485,200,1578,4 204,1237,553,1319,5 235,1356,559,1414,5 241,1483,626,1561,5 237,1686,645,1819,1 821,1158,1411,1438,6 807,1463,1384,1545,5 821,1602,1378,1680,5 843,1715,1402,1836,1
..\..\..\MockDataset_BW\Treated\image\98.png 104,81,300,179,1 334,78,580,166,1 633,75,866,170,1 913,78,1106,166,1 114,187,1139,523,6 114,187,1139,523,3 86,571,395,686,6 512,557,796,678,6 862,560,1135,675,6 904,689,1104,726,5 540,695,761,726,5 110,705,383,743,5 62,827,481,952,3 516,829,1213,913,5 557,994,1216,1067,5 62,981,496,1118,3 56,1142,401,1387,6 492,1143,846,1239,7 885,1120,1227,1243,7 446,1271,1188,1341,5
